2006-02-01 00:00:00  0.091387436    0.045161303    -161.01988    0.3397958    0.0
2006-02-01 01:00:00  0.08288176    0.05063711    -137.21548    -0.2857904    0.0
2006-02-01 02:00:00  0.07434544    0.04680076    -145.42703    -0.096042775    0.0
2006-02-01 03:00:00  0.09744743    0.073803134    -166.60739    0.28915215    0.0
2006-02-01 04:00:00  0.12954438    0.13834295    -177.75522    0.44153306    0.0
2006-02-01 05:00:00  0.16958687    0.17148116    -181.64317    0.42762023    0.0
2006-02-01 06:00:00  0.1606911    0.16327083    -200.98482    0.5154416    0.0
2006-02-01 07:00:00  0.151954    0.18759066    -241.19588    0.59299874    0.0
2006-02-01 08:00:00  0.16157767    0.21100341    -234.75357    0.60040784    0.0
2006-02-01 09:00:00  0.15731445    0.22679448    -268.9475    0.59682924    0.0
2006-02-01 10:00:00  0.14658147    0.26116812    -235.85594    0.53587717    0.0
2006-02-01 11:00:00  0.1481989    0.27162504    -247.46611    0.49929965    8.822292
2006-02-01 12:00:00  0.13879958    0.26903677    -131.114    0.5025925    113.38262
2006-02-01 13:00:00  0.17165676    0.34964532    -51.670822    0.61007077    200.2674
2006-02-01 14:00:00  0.19133487    0.4866842    -15.325937    0.65269417    223.3416
2006-02-01 15:00:00  0.2179929    0.5597602    205.10439    0.66316986    475.72546
2006-02-01 16:00:00  0.18707687    0.5521995    243.91457    0.70397884    536.38916
2006-02-01 17:00:00  0.25935286    0.5788623    142.81673    0.71905553    419.75174
2006-02-01 18:00:00  0.30370885    0.57184374    9.775751    0.738343    276.58798
2006-02-01 19:00:00  0.29704857    0.5534628    -113.16821    0.6522272    112.59833
2006-02-01 20:00:00  0.32352334    0.59903246    -185.51686    -1.3484892    2.8250616
2006-02-01 21:00:00  0.3720091    0.6145946    -161.15573    -2.143697    0.41163188
2006-02-01 22:00:00  0.34411013    0.6133826    -175.95334    -2.3349516    0.0
2006-02-01 23:00:00  0.36860687    0.48457432    -162.25284    -5.67895    0.0
2006-02-02 00:00:00  0.44159615    0.351353    -208.56131    0.066636145    0.0
2006-02-02 01:00:00  0.42820704    0.1697932    -246.70248    0.44413158    0.0
2006-02-02 02:00:00  0.3970336    0.13908269    -314.26016    0.78491455    0.0
2006-02-02 03:00:00  0.43538588    0.13545597    -363.76102    0.90184164    0.0
2006-02-02 04:00:00  0.41301274    0.15051731    -347.72073    0.84733635    0.0
2006-02-02 05:00:00  0.48874462    0.13101548    -332.0921    -0.10678158    0.0
2006-02-02 06:00:00  0.45362648    0.08987854    -308.81046    0.09919413    0.0
2006-02-02 07:00:00  0.41423404    0.06252479    -348.6149    0.6750274    0.0
2006-02-02 08:00:00  0.41690022    0.04931298    -390.16895    0.94495463    0.0
2006-02-02 09:00:00  0.4229934    0.030743096    -385.788    0.93906236    0.0
2006-02-02 10:00:00  0.3869077    0.03143902    -356.4671    0.84445894    0.0
2006-02-02 11:00:00  0.37989295    -0.023393296    -358.92175    0.6035775    4.160788
2006-02-02 12:00:00  0.2872275    -0.0050936043    -230.61102    0.6564491    104.11278
2006-02-02 13:00:00  0.2854663    -0.0127800405    -76.330124    0.8666603    294.3961
2006-02-02 14:00:00  0.27735537    -0.06231814    -187.36098    0.22596544    121.89846
2006-02-02 15:00:00  0.22403473    -0.017143764    -141.12175    0.23513766    148.46524
2006-02-02 16:00:00  0.25372082    -0.040468756    -61.256035    0.7613998    249.88353
2006-02-02 17:00:00  0.28440732    -0.07047727    -20.300549    0.9566631    353.75137
2006-02-02 18:00:00  0.26073116    -0.06898433    -77.04437    0.9800958    310.1216
2006-02-02 19:00:00  0.22580439    -0.062188424    -225.53325    0.8824166    115.51011
2006-02-02 20:00:00  0.22749446    -0.053978674    -301.5005    0.86677235    46.036568
2006-02-02 21:00:00  0.20907727    -0.06397648    -309.9879    0.7861377    1.7065787
2006-02-02 22:00:00  0.20329046    -0.06896041    -316.65326    0.6564645    0.0
2006-02-02 23:00:00  0.21361217    -0.08630171    -355.63397    0.43881473    0.0
2006-02-03 00:00:00  0.19827828    -0.11988845    -373.84402    0.68532825    0.0
2006-02-03 01:00:00  0.19729203    -0.13953167    -365.91574    0.5473354    0.0
2006-02-03 02:00:00  0.14337006    -0.13931571    -397.45233    0.78327495    0.0
2006-02-03 03:00:00  0.13511738    -0.11579655    -393.81598    0.6956955    0.0
2006-02-03 04:00:00  0.14965934    -0.14297335    -411.63492    0.82846546    0.0
2006-02-03 05:00:00  0.15843484    -0.1539349    -427.26456    0.9438255    0.0
2006-02-03 06:00:00  0.178743    -0.17067836    -479.02658    1.0791368    0.0
2006-02-03 07:00:00  0.2124373    -0.1781427    -505.7993    1.1543381    0.0
2006-02-03 08:00:00  0.1961993    -0.20414457    -490.1102    1.0653352    0.0
2006-02-03 09:00:00  0.12442533    -0.18513834    -454.09598    0.9307282    0.0
2006-02-03 10:00:00  0.09661603    -0.18909946    -446.43103    0.6592298    0.0
2006-02-03 11:00:00  0.09463695    -0.21001568    -452.3638    0.6841886    11.040385
2006-02-03 12:00:00  0.09499949    -0.22986095    -348.34714    0.95903254    145.6364
2006-02-03 13:00:00  0.09101694    -0.24762705    -227.09515    0.9651228    270.73334
2006-02-03 14:00:00  0.08362152    -0.23503071    -70.34796    1.1675324    469.18933
2006-02-03 15:00:00  0.075463265    -0.1962225    30.47007    1.1555507    566.6141
2006-02-03 16:00:00  0.0591148    -0.16742809    57.836594    0.9675731    513.23193
2006-02-03 17:00:00  0.05352301    -0.1405698    98.70336    0.956666    561.4886
2006-02-03 18:00:00  0.046626415    -0.13425076    17.462606    0.9231244    465.00873
2006-02-03 19:00:00  0.04913871    -0.14447874    -128.52568    0.9290916    319.70953
2006-02-03 20:00:00  0.041901737    -0.13628374    -289.74353    0.87873745    136.01883
2006-02-03 21:00:00  0.044723682    -0.13423775    -426.06918    0.9181393    19.03049
2006-02-03 22:00:00  0.042437583    -0.13554862    -430.00137    0.90477765    0.0
2006-02-03 23:00:00  0.040193252    -0.13625214    -422.79703    0.88797975    0.0
2006-02-04 00:00:00  0.035165947    -0.14007396    -457.03293    0.93830746    0.0
2006-02-04 01:00:00  0.042047653    -0.14529356    -418.5769    0.8165177    0.0
2006-02-04 02:00:00  0.023008028    -0.17736232    -371.82468    0.40010473    0.0
2006-02-04 03:00:00  0.005468066    -0.14489487    -421.67957    0.87585706    0.0
2006-02-04 04:00:00  0.00505145    -0.12328635    -369.17502    0.7812255    0.0
2006-02-04 05:00:00  0.006311496    -0.12824869    -368.28555    0.2611335    0.0
2006-02-04 06:00:00  0.015056115    -0.12911671    -395.28662    0.8381258    0.0
2006-02-04 07:00:00  0.020251486    -0.12808985    -433.8824    0.8895483    0.0
2006-02-04 08:00:00  0.020363392    -0.122977585    -435.6457    0.8892102    0.0
2006-02-04 09:00:00  0.010606347    -0.13045478    -449.80054    0.8954488    0.0
2006-02-04 10:00:00  -0.013213806    -0.121044874    -437.5273    0.8573457    0.0
2006-02-04 11:00:00  -0.0062759975    -0.103749305    -406.2833    0.79876804    9.800489
2006-02-04 12:00:00  -0.0054066055    -0.09725122    -261.86133    0.7884485    145.98715
2006-02-04 13:00:00  -0.011541858    -0.082327895    -185.91043    0.6891826    154.38171
2006-02-04 14:00:00  -0.016066246    -0.093804225    -35.838455    0.74938387    337.98538
2006-02-04 15:00:00  -0.01405121    -0.08043754    144.57396    0.7409282    531.6508
2006-02-04 16:00:00  -0.014828709    -0.08046879    111.509285    0.73126596    476.2869
2006-02-04 17:00:00  -0.018816099    -0.07828911    172.51988    0.7471961    562.15076
2006-02-04 18:00:00  -0.020625796    -0.07012975    100.9065    0.72083324    481.40723
2006-02-04 19:00:00  -0.020748198    -0.06433099    -31.798328    0.7101074    343.81647
2006-02-04 20:00:00  -0.01817997    -0.05953732    -198.10213    0.6942234    170.58589
2006-02-04 21:00:00  -0.015350416    -0.054432653    -341.90778    0.6831717    20.39019
2006-02-04 22:00:00  -0.012242099    -0.055826094    -365.0485    0.6937714    0.0
2006-02-04 23:00:00  -0.009235341    -0.05117423    -354.39993    0.6650331    0.0
2006-02-05 00:00:00  -0.01322749    -0.052195795    -352.02573    0.66125995    0.0
2006-02-05 01:00:00  -0.0156877    -0.045846075    -341.3913    0.6317197    0.0
2006-02-05 02:00:00  -0.018570263    -0.043407485    -337.07535    0.6221888    0.0
2006-02-05 03:00:00  -0.0255471    -0.04316008    -344.42258    0.64428395    0.0
2006-02-05 04:00:00  -0.018720564    -0.028951269    -317.13715    0.5658313    0.0
2006-02-05 05:00:00  -0.015420068    -0.027813043    -305.22354    0.53800374    0.0
2006-02-05 06:00:00  -0.0155360475    -0.023951132    -296.8773    0.5176679    0.0
2006-02-05 07:00:00  -0.017173603    -0.02027873    -287.70264    0.49352315    0.0
2006-02-05 08:00:00  -0.01600003    -0.019902736    -287.55954    0.49413833    0.0
2006-02-05 09:00:00  -0.014624752    -0.016611636    -284.63925    0.48629665    0.0
2006-02-05 10:00:00  -0.011764267    -0.014807146    -276.21573    0.46428314    0.0
2006-02-05 11:00:00  -0.00914897    -0.013127663    -250.81792    0.4303879    12.573874
2006-02-05 12:00:00  -0.009039596    -0.012269734    -104.85733    0.4113177    151.00427
2006-02-05 13:00:00  -0.014015015    -0.010373047    69.436104    0.42043698    327.60593
2006-02-05 14:00:00  -0.021042045    -0.005420708    210.48698    0.4261864    470.5122
2006-02-05 15:00:00  -0.023287037    -0.0010598681    308.499    0.40368143    560.93646
2006-02-05 16:00:00  -0.018371124    0.00030368712    356.07224    0.3662576    594.38464
2006-02-05 17:00:00  -0.015866186    0.0011497377    335.7346    0.34721234    565.436
2006-02-05 18:00:00  -0.014806054    0.0037024468    250.58467    0.33852813    476.54025
2006-02-05 19:00:00  -0.013504628    0.0058438377    109.55443    0.33544445    333.90146
2006-02-05 20:00:00  -0.015091444    0.009539165    -68.23795    0.36156484    166.54826
2006-02-05 21:00:00  -0.014474432    0.015116567    -218.31276    0.37504265    20.670296
2006-02-05 22:00:00  -0.009421592    0.015516238    -225.5405    0.3437477    0.0
2006-02-05 23:00:00  -0.0031163334    0.013989308    -211.89586    0.3101735    0.0
2006-02-06 00:00:00  0.00077051413    0.014474441    -209.93388    0.3107986    0.0
2006-02-06 01:00:00  -0.0014469214    0.01780606    -219.83882    0.33820102    0.0
2006-02-06 02:00:00  -0.0010818639    0.019425772    -221.26627    0.345406    0.0
2006-02-06 03:00:00  -0.0013597611    0.022291467    -223.3924    0.35349396    0.0
2006-02-06 04:00:00  0.0030417978    0.02515141    -203.7862    0.36030218    0.0
2006-02-06 05:00:00  0.0070971427    0.028484263    -222.72748    0.37368453    0.0
2006-02-06 06:00:00  0.011174191    0.029690323    -209.19667    0.38506636    0.0
2006-02-06 07:00:00  0.012298549    0.033331376    -228.5439    0.40177834    0.0
2006-02-06 08:00:00  0.015965812    0.038979158    -217.2378    0.42110765    0.0
2006-02-06 09:00:00  0.013771375    0.04295247    -221.70401    0.42237207    0.0
2006-02-06 10:00:00  0.018196614    0.046327773    -228.92067    0.42902133    0.0
2006-02-06 11:00:00  0.016838556    0.048262402    -219.13857    0.42689386    4.0236716
2006-02-06 12:00:00  0.024421133    0.05108718    -148.70932    0.43332243    75.441765
2006-02-06 13:00:00  0.03200355    0.053673163    35.62518    0.43976665    275.40036
2006-02-06 14:00:00  0.03564543    0.06048429    179.473    0.44621503    421.29007
2006-02-06 15:00:00  0.03974797    0.062536046    254.12651    0.44169047    484.32117
2006-02-06 16:00:00  0.04050102    0.057782292    228.44788    0.41193023    422.6543
2006-02-06 17:00:00  0.046312913    0.054700665    120.8839    0.3988836    288.16516
2006-02-06 18:00:00  0.04872208    0.054787464    -3.1189506    0.39192456    157.10013
2006-02-06 19:00:00  0.055699855    0.047919422    -78.07167    0.38119292    73.08282
2006-02-06 20:00:00  0.056713782    0.048338212    -114.61115    0.38416383    66.214264
2006-02-06 21:00:00  0.05887542    0.054885145    -171.3985    0.38276517    0.9413319
2006-02-06 22:00:00  0.067093775    0.059066392    -178.88359    0.3753875    0.0
2006-02-06 23:00:00  0.08111526    0.058530554    -162.25142    0.38364798    0.0
2006-02-07 00:00:00  0.08011537    0.060444526    -179.53375    0.3774811    0.0
2006-02-07 01:00:00  0.09302591    0.065635234    -172.59369    0.38531172    0.0
2006-02-07 02:00:00  0.085506946    0.07862055    -177.02037    0.36915177    0.0
2006-02-07 03:00:00  0.09169872    0.089124486    -177.27672    0.3682941    0.0
2006-02-07 04:00:00  0.104961365    0.07575998    -132.00478    0.26173794    0.0
2006-02-07 05:00:00  0.12413188    0.06264209    -136.35663    0.28508472    0.0
2006-02-07 06:00:00  0.12666582    0.056604844    -170.02751    0.34473038    0.0
2006-02-07 07:00:00  0.1388993    0.07013382    -175.01405    0.34058693    0.0
2006-02-07 08:00:00  0.12630844    0.055457965    -199.14075    0.3907608    0.0
2006-02-07 09:00:00  0.12647337    0.06268825    -144.15683    0.21337305    0.0
2006-02-07 10:00:00  0.1369146    0.06353055    -156.17772    0.18563804    0.0
2006-02-07 11:00:00  0.10057094    0.049790774    -120.721405    0.27356377    0.8108274
2006-02-07 12:00:00  0.10666117    0.05366412    -84.60529    0.06448917    7.5522323
2006-02-07 13:00:00  0.09951147    0.06618819    -42.615467    -0.0136301685    48.139988
2006-02-07 14:00:00  0.1024294    0.07677704    -24.80739    -0.47227374    57.52332
2006-02-07 15:00:00  0.10567501    0.08792446    61.26831    -0.0016659083    138.18057
2006-02-07 16:00:00  0.111435406    0.06862576    367.1876    -0.2745251    477.84885
2006-02-07 17:00:00  0.120204136    0.042869393    204.9439    -0.72399735    295.6437
2006-02-07 18:00:00  0.06592268    -0.0032359378    366.57062    -0.03930713    484.2514
2006-02-07 19:00:00  0.031544425    -0.013748454    163.34969    0.17230213    269.67593
2006-02-07 20:00:00  0.036703717    -0.017898902    4.428268    0.20858885    122.64078
2006-02-07 21:00:00  0.04486101    -0.020953152    -89.9489    0.208533    23.810713
2006-02-07 22:00:00  0.04985568    -0.028153643    -114.64739    0.23026302    0.0
2006-02-07 23:00:00  0.03581122    -0.016353752    -149.32394    0.26213983    0.0
2006-02-08 00:00:00  0.03550566    -0.010909265    -196.23656    0.30440062    0.0
2006-02-08 01:00:00  0.03404044    -0.007442184    -200.84976    0.30796158    0.0
2006-02-08 02:00:00  0.031211775    -0.0060071913    -186.18404    0.2951745    0.0
2006-02-08 03:00:00  0.03218034    -0.006581421    -122.92865    0.27497178    0.0
2006-02-08 04:00:00  0.028735619    -0.0051520006    -165.77242    0.2460414    0.0
2006-02-08 05:00:00  0.029528933    0.0049109524    -198.59312    0.2986311    0.0
2006-02-08 06:00:00  0.03267807    0.008125141    -194.60242    0.29921615    0.0
2006-02-08 07:00:00  0.032117203    0.011336649    -195.3263    0.303449    0.0
2006-02-08 08:00:00  0.036972784    0.015476812    -200.01962    0.31748936    0.0
2006-02-08 09:00:00  0.034990676    0.020038063    -203.73631    0.3149193    0.0
2006-02-08 10:00:00  0.036960877    0.027190585    -197.43756    0.33297628    0.0
2006-02-08 11:00:00  0.044113018    0.042027183    -152.34984    0.38097557    3.7947683
2006-02-08 12:00:00  0.07242253    0.055583812    -95.949554    0.48136595    157.15054
2006-02-08 13:00:00  0.104641154    0.074413195    59.945045    0.47721213    305.80014
2006-02-08 14:00:00  0.1250174    0.069949746    164.68723    0.44373032    384.8938
2006-02-08 15:00:00  0.09236821    0.049588867    61.32007    0.32131582    186.87491
2006-02-08 16:00:00  0.093232095    0.050983846    161.29823    0.17878361    276.29907
2006-02-08 17:00:00  0.09852578    0.071241036    109.543594    0.16630754    197.81192
2006-02-08 18:00:00  0.09800942    0.099502414    108.15065    0.2157336    203.57924
2006-02-08 19:00:00  0.084204376    0.110754825    55.209713    0.18598953    141.33437
2006-02-08 20:00:00  0.08535081    0.11997612    -40.172665    0.1532752    28.387783
2006-02-08 21:00:00  0.05947993    0.09105302    -94.30291    0.15314303    6.905945
2006-02-08 22:00:00  0.05814039    0.073382884    -113.96318    0.1529832    0.0
2006-02-08 23:00:00  0.063008904    0.05631178    -106.81484    0.09005209    0.0
2006-02-09 00:00:00  0.05320762    0.0431494    -80.88062    0.13626118    0.0
2006-02-09 01:00:00  0.059280872    0.05031241    -74.607376    -0.24341765    0.0
2006-02-09 02:00:00  0.058641087    0.05841232    -67.28245    -0.30193907    0.0
2006-02-09 03:00:00  0.07329498    0.07170139    -62.48446    -2.0043359    0.0
2006-02-09 04:00:00  0.08395011    0.08858073    -60.79789    -2.9139726    0.0
2006-02-09 05:00:00  0.11475478    0.11859914    -76.22358    -3.7204533    0.0
2006-02-09 06:00:00  0.14915808    0.1548984    -81.73396    -1.6112638    0.0
2006-02-09 07:00:00  0.13218394    0.13355991    -82.093025    0.0809798    0.0
2006-02-09 08:00:00  0.11743089    0.13653828    -58.69193    0.14625739    0.0
2006-02-09 09:00:00  0.118932955    0.12149291    -73.42721    0.18389794    0.0
2006-02-09 10:00:00  0.10540573    0.11278187    -109.41343    0.19086732    0.0
2006-02-09 11:00:00  0.07595691    0.0980774    -73.917885    0.13741314    0.2534837
2006-02-09 12:00:00  0.07149015    0.082985416    -24.622442    -0.050393183    34.734703
2006-02-09 13:00:00  0.0764519    0.11993989    10.999701    0.21178895    97.043884
2006-02-09 14:00:00  0.0847283    0.14332002    117.40178    0.24761541    231.97607
2006-02-09 15:00:00  0.09582695    0.16247097    205.492    0.24711497    339.9924
2006-02-09 16:00:00  0.086497836    0.1652664    206.81598    0.21161848    323.96268
2006-02-09 17:00:00  0.09228787    0.1775451    253.96797    0.2848452    378.07294
2006-02-09 18:00:00  0.09200063    0.19089387    127.4663    0.29430386    235.99472
2006-02-09 19:00:00  0.09086646    0.1904527    133.3218    -0.29782182    266.14282
2006-02-09 20:00:00  0.110386185    0.22758982    -78.84638    -0.03694856    27.926113
2006-02-09 21:00:00  0.11728911    0.23783335    -120.41939    0.27081582    21.902426
2006-02-09 22:00:00  0.10440409    0.20223229    -98.664955    0.21094337    0.0
2006-02-09 23:00:00  0.12380214    0.2110199    -88.54633    0.23178315    0.0
2006-02-10 00:00:00  0.124655895    0.21769747    -86.07707    0.24446462    0.0
2006-02-10 01:00:00  0.09029703    0.22024247    -85.99752    0.16920936    0.0
2006-02-10 02:00:00  0.102832034    0.25359392    -90.277306    -0.66628677    0.0
2006-02-10 03:00:00  0.11566895    0.26178688    -63.800327    0.08263256    0.0
2006-02-10 04:00:00  0.13687825    0.2857089    -71.68346    -0.34198162    0.0
2006-02-10 05:00:00  0.14776888    0.27483582    -59.023464    -0.07645489    0.0
2006-02-10 06:00:00  0.1318456    0.2688163    -70.90229    -0.04648737    0.0
2006-02-10 07:00:00  0.15268326    0.29906487    -66.8048    -0.58895385    0.0
2006-02-10 08:00:00  0.15413126    0.28667104    -59.004856    -5.7331014    0.0
2006-02-10 09:00:00  0.16678043    0.32387793    -63.790745    -7.7632723    0.0
2006-02-10 10:00:00  0.1587577    0.32070595    -70.43734    -0.17214587    0.0
2006-02-10 11:00:00  0.11695121    0.30202276    -72.97944    -0.26402465    6.44e-10
2006-02-10 12:00:00  0.13727081    0.40459645    -63.354652    -0.685408    12.14243
2006-02-10 13:00:00  0.16434972    0.42826873    -39.22143    -5.2235603    34.383846
2006-02-10 14:00:00  0.15106857    0.45456964    -23.903479    -4.1343856    52.290077
2006-02-10 15:00:00  0.27055544    0.720615    -43.880253    -2.576199    104.36138
2006-02-10 16:00:00  0.26058084    0.61113644    -36.826866    -4.189325    103.57932
2006-02-10 17:00:00  0.26292795    0.5758383    -67.435234    -8.606259    40.03972
2006-02-10 18:00:00  0.2832857    0.33617508    8.130253    -2.2243905    90.299385
2006-02-10 19:00:00  0.3831597    0.18889052    -18.535358    -0.5944548    71.69981
2006-02-10 20:00:00  0.31071812    0.09373669    -62.587784    0.2482497    42.431355
2006-02-10 21:00:00  0.4216168    0.077094585    -159.10196    -0.15735517    4.433754
2006-02-10 22:00:00  0.595052    -0.03462524    -317.41196    0.3916691    0.0
2006-02-10 23:00:00  0.6978841    -0.32827812    -475.62408    1.1117444    0.0
2006-02-11 00:00:00  0.5267465    -0.36187172    -568.2347    1.259266    0.0
2006-02-11 01:00:00  0.37942073    -0.28490445    -556.59576    1.224887    0.0
2006-02-11 02:00:00  0.32128173    -0.20667225    -531.435    1.1936251    0.0
2006-02-11 03:00:00  0.3093654    -0.15396017    -471.31082    1.1571172    0.0
2006-02-11 04:00:00  0.28907827    -0.111893594    -455.88507    1.1307749    0.0
2006-02-11 05:00:00  0.29602766    -0.11640124    -482.17245    0.9978056    0.0
2006-02-11 06:00:00  0.2544359    -0.080766276    -467.941    1.0692397    0.0
2006-02-11 07:00:00  0.25257897    -0.07463769    -440.82953    1.0345352    0.0
2006-02-11 08:00:00  0.25096124    -0.07111919    -479.71646    1.0729632    0.0
2006-02-11 09:00:00  0.2637754    -0.062199663    -499.79532    1.1407031    0.0
2006-02-11 10:00:00  0.2600575    -0.04640273    -495.33023    1.1444594    0.0
2006-02-11 11:00:00  0.2518438    -0.054202504    -487.55905    1.1368165    19.292189
2006-02-11 12:00:00  0.22627273    -0.04392358    -317.884    1.0883286    173.00012
2006-02-11 13:00:00  0.1948835    -0.0323896    -113.579384    1.0242846    354.35822
2006-02-11 14:00:00  0.18149021    -0.018539429    57.2452    0.9576586    499.4079
2006-02-11 15:00:00  0.18515581    -0.036038548    125.405846    0.9316021    546.81866
2006-02-11 16:00:00  0.15043262    -0.033520736    218.99641    0.87291586    628.01135
2006-02-11 17:00:00  0.1285607    -0.007741774    215.83168    0.8112813    599.1055
2006-02-11 18:00:00  0.124929585    -0.00233748    145.37714    0.5934632    504.92203
2006-02-11 19:00:00  0.10844483    -0.0020625761    26.497847    0.58565104    371.67685
2006-02-11 20:00:00  0.09336206    -0.007216733    -133.2466    0.3709104    187.96849
2006-02-11 21:00:00  0.08112983    -0.0023689014    -268.3421    0.26200032    31.882374
2006-02-11 22:00:00  0.068738654    0.005348296    -241.08945    0.07426375    0.0
2006-02-11 23:00:00  0.06274907    0.009357315    -239.72205    0.162384    0.0
2006-02-12 00:00:00  0.0655804    0.024182249    -235.2147    0.14308552    0.0
2006-02-12 01:00:00  0.092212975    0.044457503    -275.89972    0.15368316    0.0
2006-02-12 02:00:00  0.10571562    0.039958995    -246.38814    0.32619086    0.0
2006-02-12 03:00:00  0.093835786    0.059619267    -245.8157    0.3066069    0.0
2006-02-12 04:00:00  0.093617156    0.070610926    -256.254    0.54440314    0.0
2006-02-12 05:00:00  0.08872172    0.09156431    -252.75626    0.6158022    0.0
2006-02-12 06:00:00  0.09216891    0.10246207    -272.74783    0.6464198    0.0
2006-02-12 07:00:00  0.09405355    0.10651675    -302.4669    0.45425186    0.0
2006-02-12 08:00:00  0.10669809    0.107124954    -348.82617    0.727943    0.0
2006-02-12 09:00:00  0.09365314    0.0945047    -279.79346    0.5332116    0.0
2006-02-12 10:00:00  0.09318228    0.0923477    -248.30998    0.50947493    0.0
2006-02-12 11:00:00  0.09372371    0.092846416    -273.6373    0.6149234    4.6683264
2006-02-12 12:00:00  0.07810361    0.10671111    -156.41512    0.5575529    120.01105
2006-02-12 13:00:00  0.07827744    0.14201082    -91.70489    0.62229973    188.48041
2006-02-12 14:00:00  0.07547353    0.13980451    94.8054    0.64301616    389.381
2006-02-12 15:00:00  0.067303784    0.16904901    130.65187    0.67167675    428.6015
2006-02-12 16:00:00  0.05782453    0.23210049    172.96214    0.7072085    482.93594
2006-02-12 17:00:00  0.065171175    0.2503192    187.49559    0.7097426    507.872
2006-02-12 18:00:00  0.043826614    0.25076818    42.71235    0.6864818    325.12512
2006-02-12 19:00:00  0.03985869    0.25892946    -168.62144    0.49342752    52.64136
2006-02-12 20:00:00  0.074433684    0.24161428    -172.28539    -0.054642778    45.651333
2006-02-12 21:00:00  0.06809986    0.2780254    -232.19472    0.55586874    15.884484
2006-02-12 22:00:00  0.07179327    0.27808967    -237.95364    0.6108687    0.0
2006-02-12 23:00:00  0.10198258    0.27249473    -212.44733    0.51755035    0.0
2006-02-13 00:00:00  0.06957631    0.278206    -188.0977    0.40688914    0.0
2006-02-13 01:00:00  0.05192904    0.2869637    -176.5559    0.25460032    0.0
2006-02-13 02:00:00  0.06255759    0.27752715    -153.94942    0.24936676    0.0
2006-02-13 03:00:00  0.06455037    0.27715337    -126.17204    -0.08067869    0.0
2006-02-13 04:00:00  0.08694643    0.30328715    -128.10416    -0.35030708    0.0
2006-02-13 05:00:00  0.10547662    0.311867    -108.9151    0.18656807    0.0
2006-02-13 06:00:00  0.090830535    0.2694087    -56.005573    0.12103409    0.0
2006-02-13 07:00:00  0.07503508    0.26744404    -45.731133    -0.04549816    0.0
2006-02-13 08:00:00  0.080880426    0.24295008    -40.552334    -0.003424237    0.0
2006-02-13 09:00:00  0.08112185    0.2990712    -38.30986    0.09277719    0.0
2006-02-13 10:00:00  0.10008447    0.32113203    -27.868069    -0.011736772    0.0
2006-02-13 11:00:00  0.13743493    0.35677266    -30.890875    0.06302958    0.12389089
2006-02-13 12:00:00  0.1540058    0.35282016    -23.856474    0.16352998    20.869507
2006-02-13 13:00:00  0.13394576    0.2945248    13.079038    -0.0032295538    39.17092
2006-02-13 14:00:00  0.16649923    0.3680109    93.8328    0.17221378    133.59209
2006-02-13 15:00:00  0.14640039    0.3271436    121.47838    0.060611334    156.55827
2006-02-13 16:00:00  0.1660636    0.37129897    126.355644    0.067159854    165.15656
2006-02-13 17:00:00  0.1579959    0.35470384    121.051544    0.08879829    153.75243
2006-02-13 18:00:00  0.18818627    0.44866097    110.531166    0.17489313    177.80629
2006-02-13 19:00:00  0.18745255    0.4313174    101.32868    0.21377222    173.78102
2006-02-13 20:00:00  0.1764153    0.45419234    -21.24058    0.14310376    41.02268
2006-02-13 21:00:00  0.1953854    0.4499451    -81.88587    0.25714973    6.634427
2006-02-13 22:00:00  0.18770798    0.37928224    -60.304077    0.21133429    0.0
2006-02-13 23:00:00  0.17182416    0.34841427    -63.555687    0.22450875    0.0
2006-02-14 00:00:00  0.15845743    0.34455436    -77.05306    0.21630867    0.0
2006-02-14 01:00:00  0.15060103    0.32514602    -51.844368    0.16424441    0.0
2006-02-14 02:00:00  0.1337508    0.29988223    -57.25024    -0.048380073    0.0
2006-02-14 03:00:00  0.11136728    0.30758375    -72.70419    0.116442956    0.0
2006-02-14 04:00:00  0.11848236    0.31759697    -60.399258    0.10752066    0.0
2006-02-14 05:00:00  0.13028431    0.32662264    -72.4016    0.1885067    0.0
2006-02-14 06:00:00  0.123595774    0.2919711    -51.187397    0.102509744    0.0
2006-02-14 07:00:00  0.1752733    0.3410346    -51.854603    0.10224135    0.0
2006-02-14 08:00:00  0.16968404    0.36777955    -52.890053    0.12873591    0.0
2006-02-14 09:00:00  0.16743135    0.35855347    -105.826675    0.22830692    0.0
2006-02-14 10:00:00  0.16759007    0.38898447    -75.339355    0.2132501    0.0
2006-02-14 11:00:00  0.18626887    0.37492865    -66.530464    0.21350409    0.052578904
2006-02-14 12:00:00  0.1588727    0.3554734    -29.747705    0.16418375    19.450363
2006-02-14 13:00:00  0.1530407    0.32163256    23.684715    0.16279683    69.75406
2006-02-14 14:00:00  0.17684454    0.2979615    67.24571    0.17177662    121.962585
2006-02-14 15:00:00  0.175744    0.27279794    53.765076    -0.04164643    99.71082
2006-02-14 16:00:00  0.23216027    0.3205068    76.59717    -1.1758657    141.02393
2006-02-14 17:00:00  0.18241931    0.07642664    -46.86262    -7.887648    44.238716
2006-02-14 18:00:00  0.118573554    -0.25947863    -240.2676    -1.07493    21.195528
2006-02-14 19:00:00  0.10139298    -0.2551762    -255.03918    0.6042286    33.4805
2006-02-14 20:00:00  0.07204317    -0.21567006    -273.6094    0.5899885    3.506674
2006-02-14 21:00:00  0.034888163    -0.16477337    -242.10179    0.38111967    8.28e-10
2006-02-14 22:00:00  0.0018475933    -0.090510875    -196.84851    0.26308614    0.0
2006-02-14 23:00:00  -0.008031853    -0.05712219    -168.11522    0.015530644    0.0
2006-02-15 00:00:00  0.004310879    -0.054354116    -160.59651    -0.53790057    0.0
2006-02-15 01:00:00  0.0013663812    -0.030516926    -139.26491    -0.47983447    0.0
2006-02-15 02:00:00  0.0038435785    -0.015285324    -117.595665    0.10751579    0.0
2006-02-15 03:00:00  0.0066970102    -0.013155713    -115.65177    0.22276643    0.0
2006-02-15 04:00:00  0.0029227633    -0.013997182    -124.3465    0.20394997    0.0
2006-02-15 05:00:00  0.006745117    -0.017850306    -124.51522    0.09155383    0.0
2006-02-15 06:00:00  0.004746898    -0.007921378    -101.934616    0.19385448    0.0
2006-02-15 07:00:00  0.0104466025    -0.007110458    -107.67584    0.088881314    0.0
2006-02-15 08:00:00  0.0093254    -0.010439052    -111.46566    0.19861709    0.0
2006-02-15 09:00:00  0.008981286    -0.01126321    -113.21563    0.10291585    0.0
2006-02-15 10:00:00  -0.002441051    -0.014868807    -133.51889    0.23287165    0.0
2006-02-15 11:00:00  -0.0042209537    -0.018486992    -118.45054    0.120647825    7.36e-10
2006-02-15 12:00:00  -0.010008819    -0.018412072    -88.799324    0.25492263    47.261055
2006-02-15 13:00:00  -0.026025744    -0.017754083    -72.23187    0.3010775    70.81667
2006-02-15 14:00:00  -0.03634437    -0.016161455    9.296116    0.3383347    165.63214
2006-02-15 15:00:00  -0.027903419    -0.009374604    -48.44464    0.042194568    80.83351
2006-02-15 16:00:00  -0.041756228    -0.006237518    -56.707363    0.21188766    79.19856
2006-02-15 17:00:00  -0.05046352    -0.0062130713    -96.8471    -0.21856533    39.394062
2006-02-15 18:00:00  -0.07325223    -0.020785432    -81.93738    -0.5957791    41.867256
2006-02-15 19:00:00  -0.12781817    -0.038273178    -126.44762    -0.29382846    22.888706
2006-02-15 20:00:00  -0.15422928    -0.06522414    -170.6952    -0.07985511    2.5143464
2006-02-15 21:00:00  -0.1841758    -0.07739996    -170.38947    -0.8830872    9.2e-10
2006-02-15 22:00:00  -0.19170593    -0.02694724    -158.20232    0.05931272    0.0
2006-02-15 23:00:00  -0.18769479    -0.03797505    -152.35915    0.23061766    0.0
2006-02-16 00:00:00  -0.22797826    -0.0651535    -174.92995    -0.25813904    0.0
2006-02-16 01:00:00  -0.22329724    -0.06596623    -163.3506    -1.36563    0.0
2006-02-16 02:00:00  -0.21498719    -0.06264677    -158.42944    -2.7353306    0.0
2006-02-16 03:00:00  -0.25457814    -0.07788466    -173.56189    -0.7572717    0.0
2006-02-16 04:00:00  -0.2172295    -0.06788011    -153.18481    -2.981485    0.0
2006-02-16 05:00:00  -0.24173495    -0.09102572    -164.65564    -2.045811    0.0
2006-02-16 06:00:00  -0.26727384    -0.11672829    -170.87721    -1.3135791    0.0
2006-02-16 07:00:00  -0.28837356    -0.13448948    -189.34961    -0.54618293    0.0
2006-02-16 08:00:00  -0.29290736    -0.15317316    -203.5714    -0.52250093    0.0
2006-02-16 09:00:00  -0.32194299    -0.16731203    -220.21977    -0.75122976    0.0
2006-02-16 10:00:00  -0.31752795    -0.16129969    -228.98506    0.24340376    0.0
2006-02-16 11:00:00  -0.2826268    -0.14636827    -221.69495    -0.5238667    7.36e-10
2006-02-16 12:00:00  -0.26229537    -0.14864151    -215.46893    0.052585907    0.9191466
2006-02-16 13:00:00  -0.2604229    -0.1556423    -190.29259    0.422557    24.8293
2006-02-16 14:00:00  -0.23065855    -0.13517709    -143.79959    0.33303165    58.682175
2006-02-16 15:00:00  -0.22060734    -0.12674735    -90.72315    0.3596969    98.89589
2006-02-16 16:00:00  -0.1904343    -0.103377044    -45.2677    0.2864836    115.40474
2006-02-16 17:00:00  -0.17655098    -0.101109244    -2.5544043    0.22660863    141.83925
2006-02-16 18:00:00  -0.14678448    -0.08732009    -55.94776    -0.38077167    65.13594
2006-02-16 19:00:00  -0.16118574    -0.098863095    -91.91087    -0.65296423    34.32143
2006-02-16 20:00:00  -0.18586694    -0.13396503    -144.21364    -0.14765376    2.813718
2006-02-16 21:00:00  -0.2083326    -0.13018167    -170.83177    0.2708243    2.0482652
2006-02-16 22:00:00  -0.21771172    -0.112751745    -173.61218    0.37615004    0.0
2006-02-16 23:00:00  -0.20670952    -0.085689366    -146.38802    0.2201435    0.0
2006-02-17 00:00:00  -0.17981121    -0.07247375    -131.94818    -0.08517578    0.0
2006-02-17 01:00:00  -0.14028713    -0.059860066    -119.64454    -2.3676364    0.0
2006-02-17 02:00:00  -0.11248465    -0.051890906    -115.32949    -0.9273768    0.0
2006-02-17 03:00:00  -0.12273379    -0.056273513    -118.17784    -0.34358564    0.0
2006-02-17 04:00:00  -0.14685419    -0.06922011    -128.24237    -0.06945918    0.0
2006-02-17 05:00:00  -0.1711742    -0.07570344    -144.47163    0.22322036    0.0
2006-02-17 06:00:00  -0.18558905    -0.07395436    -158.51718    0.35942066    0.0
2006-02-17 07:00:00  -0.17804222    -0.068736166    -157.56107    0.35184637    0.0
2006-02-17 08:00:00  -0.16668238    -0.07075686    -153.10237    -0.06225213    0.0
2006-02-17 09:00:00  -0.1878623    -0.06055543    -154.924    -3.656953    0.0
2006-02-17 10:00:00  -0.20699975    -0.042642005    -153.4881    -1.072618    0.0
2006-02-17 11:00:00  -0.1676797    -0.033028252    -147.15889    -0.59787136    7.36e-10
2006-02-17 12:00:00  -0.15210453    -0.043832123    -151.72177    -0.78279954    0.118787155
2006-02-17 13:00:00  -0.15339382    -0.04608091    -150.65959    -1.3130779    13.9867325
2006-02-17 14:00:00  -0.15836088    -0.051029257    -122.218506    -0.71976584    43.83902
2006-02-17 15:00:00  -0.17931665    -0.037473276    -88.337234    -0.32925367    77.48124
2006-02-17 16:00:00  -0.16143292    -0.019265404    -30.933863    0.3431891    115.16451
2006-02-17 17:00:00  -0.14922006    -0.0093329605    -14.438591    0.33064303    130.03825
2006-02-17 18:00:00  -0.12960291    -0.013459656    90.69339    0.23405173    245.36943
2006-02-17 19:00:00  -0.10927267    -0.0005897734    18.862276    -0.26552984    145.08968
2006-02-17 20:00:00  -0.084686555    0.007855643    -42.31683    0.18586573    88.30051
2006-02-17 21:00:00  -0.091052875    0.0026497855    -102.88973    0.11809527    4.527657
2006-02-17 22:00:00  -0.08566523    -0.0015145882    -92.29018    0.20486529    0.0
2006-02-17 23:00:00  -0.0683355    -0.00053741725    -113.70549    0.05467018    0.0
2006-02-18 00:00:00  -0.032666273    0.016806839    -103.55747    -0.12080668    0.0
2006-02-18 01:00:00  -0.022218384    0.03696095    -109.4841    -0.69590706    0.0
2006-02-18 02:00:00  -0.029037133    0.042667583    -104.463234    -1.7511904    0.0
2006-02-18 03:00:00  -0.032076865    0.045378827    -92.037125    -0.5278336    0.0
2006-02-18 04:00:00  -0.038855106    0.056326278    -113.167404    0.26032007    0.0
2006-02-18 05:00:00  -0.03263907    0.05748291    -123.46809    0.2637099    0.0
2006-02-18 06:00:00  -0.028022176    0.063608855    -126.00297    -0.68753827    0.0
2006-02-18 07:00:00  -0.020296246    0.06071734    -121.69029    -0.7227774    0.0
2006-02-18 08:00:00  -0.011442083    0.05382459    -123.863396    0.095803864    0.0
2006-02-18 09:00:00  -0.008465188    0.057412185    -140.245    -0.17288965    0.0
2006-02-18 10:00:00  -0.007961023    0.059793897    -143.01443    0.11928051    0.0
2006-02-18 11:00:00  -0.0020031347    0.055596627    -81.01435    0.18088466    2.8894403
2006-02-18 12:00:00  0.009576097    0.048578076    46.648952    0.19600596    170.38565
2006-02-18 13:00:00  0.022187315    0.038649738    137.27574    0.18101193    241.09311
2006-02-18 14:00:00  0.04313359    0.043106988    246.53268    0.21074842    369.34174
2006-02-18 15:00:00  0.025837261    0.037489004    459.54684    0.20563248    614.4308
2006-02-18 16:00:00  0.02219928    0.041850716    481.19626    0.19048409    616.2752
2006-02-18 17:00:00  0.021568477    0.05672174    202.19771    -0.3937348    280.51096
2006-02-18 18:00:00  0.03748682    0.06851561    172.6608    -0.10860579    268.2816
2006-02-18 19:00:00  0.03120834    0.07442559    115.628624    0.21721078    216.70016
2006-02-18 20:00:00  0.03686202    0.07590264    3.7871127    0.003589949    105.447914
2006-02-18 21:00:00  0.0396894    0.07750656    -81.8989    0.094305344    5.7353177
2006-02-18 22:00:00  0.045943156    0.07678327    -109.20907    -0.053033907    0.0
2006-02-18 23:00:00  0.050609242    0.06965114    -89.41641    0.17323582    0.0
2006-02-19 00:00:00  0.06362823    0.061271816    -92.73683    -0.10441219    0.0
2006-02-19 01:00:00  0.05297534    0.04578904    -81.57355    0.18832757    0.0
2006-02-19 02:00:00  0.04399413    0.044485133    -66.56852    -0.034395836    0.0
2006-02-19 03:00:00  0.055279586    0.045983188    -137.81468    0.22994263    0.0
2006-02-19 04:00:00  0.052930992    0.051650923    -92.22413    0.19531573    0.0
2006-02-19 05:00:00  0.040474962    0.043353327    -80.512856    -0.2781801    0.0
2006-02-19 06:00:00  0.07073273    0.050706156    -118.75699    -0.14041913    0.0
2006-02-19 07:00:00  0.08157086    0.05733162    -128.33319    0.28401977    0.0
2006-02-19 08:00:00  0.076715276    0.047267873    -109.78631    0.23228942    0.0
2006-02-19 09:00:00  0.085425794    0.057820424    -166.72098    0.3296778    0.0
2006-02-19 10:00:00  0.08132529    0.06770169    -160.41049    0.32797647    0.0
2006-02-19 11:00:00  0.078762524    0.06507146    -132.41275    0.30406258    5.1021447
2006-02-19 12:00:00  0.06929597    0.077464044    -85.99424    0.258084    23.923145
2006-02-19 13:00:00  0.06941286    0.10963398    -42.59361    0.20010538    70.95107
2006-02-19 14:00:00  0.07837072    0.14344612    61.083298    0.3542816    220.98581
2006-02-19 15:00:00  0.07610539    0.16992971    162.46518    0.39033985    333.56332
2006-02-19 16:00:00  0.115718275    0.21379238    88.74393    0.3770945    248.44159
2006-02-19 17:00:00  0.12605008    0.25779516    75.69016    0.39034092    228.24745
2006-02-19 18:00:00  0.1492539    0.27960843    69.91077    0.15862052    235.11566
2006-02-19 19:00:00  0.2042728    0.29353032    16.27735    -0.32104173    180.59744
2006-02-19 20:00:00  0.24527505    0.29492575    -97.03681    -0.079754114    82.60884
2006-02-19 21:00:00  0.21654543    0.27016926    -163.42636    0.38617232    26.201248
2006-02-19 22:00:00  0.24902946    0.24404815    -123.550446    0.30664432    0.0
2006-02-19 23:00:00  0.28161162    0.23835857    -145.63828    0.43426633    0.0
2006-02-20 00:00:00  0.285381    0.25747883    -178.60251    0.47939944    0.0
2006-02-20 01:00:00  0.31935397    0.27363542    -190.4451    0.5143598    0.0
2006-02-20 02:00:00  0.35475773    0.28000098    -193.9479    -0.25443554    0.0
2006-02-20 03:00:00  0.31052068    -0.08961686    -237.44173    -2.9408133    0.0
2006-02-20 04:00:00  0.22476129    -0.14818966    -286.71014    -4.386529    0.0
2006-02-20 05:00:00  0.18366623    -0.14078254    -304.91086    -2.5640538    0.0
2006-02-20 06:00:00  0.12789288    -0.07938933    -291.9679    -0.89589375    0.0
2006-02-20 07:00:00  0.13523747    -0.084966466    -283.46436    -2.5510185    0.0
2006-02-20 08:00:00  0.20393628    -0.11409423    -422.02783    0.92913795    0.0
2006-02-20 09:00:00  0.22129795    -0.033481903    -461.8161    1.0271081    0.0
2006-02-20 10:00:00  0.24656689    -0.0059593385    -506.76178    1.1377335    0.0
2006-02-20 11:00:00  0.2191723    0.021806354    -440.41336    1.0307875    34.75946
2006-02-20 12:00:00  0.1929203    0.020579027    -230.23616    0.90858513    209.0007
2006-02-20 13:00:00  0.10499112    -0.027891047    13.6979265    0.53797317    392.84088
2006-02-20 14:00:00  -0.02449294    -0.1064611    136.66682    -0.13851    502.08838
2006-02-20 15:00:00  -0.05575277    -0.1283715    156.50917    -0.59774655    537.6394
2006-02-20 16:00:00  -0.05416878    -0.13209707    -27.79664    -1.5198795    323.7912
2006-02-20 17:00:00  -0.03885115    -0.16833451    -287.04593    -3.0121422    77.810814
2006-02-20 18:00:00  0.011406496    -0.12837893    -271.97873    -2.3645232    72.293625
2006-02-20 19:00:00  0.033502974    -0.20989537    -340.28494    -0.68267304    76.77602
2006-02-20 20:00:00  -0.02186795    -0.16995808    -325.65936    0.504717    88.86082
2006-02-20 21:00:00  0.0018060958    -0.11750631    -367.93918    0.78272516    46.964497
2006-02-20 22:00:00  0.009786217    -0.083792105    -350.33212    0.62345415    0.0
2006-02-20 23:00:00  0.025324851    -0.05559724    -329.40558    0.5443133    0.0
2006-02-21 00:00:00  0.06050389    -0.05092016    -388.65533    0.3164866    0.0
2006-02-21 01:00:00  0.055745915    -0.049323767    -385.4097    0.6583736    0.0
2006-02-21 02:00:00  0.051341735    -0.054406684    -386.4512    0.68091744    0.0
2006-02-21 03:00:00  0.041483913    -0.06807477    -392.52957    0.69454205    0.0
2006-02-21 04:00:00  0.029437272    -0.0668955    -385.1974    0.61833346    0.0
2006-02-21 05:00:00  0.028327204    -0.05935707    -333.30133    0.2555014    0.0
2006-02-21 06:00:00  0.031441826    -0.05516369    -363.63165    0.48793748    0.0
2006-02-21 07:00:00  0.021389738    -0.043288782    -351.41357    0.63193494    0.0
2006-02-21 08:00:00  0.023811482    -0.032294407    -341.56088    0.6176205    0.0
2006-02-21 09:00:00  0.020561524    -0.024361681    -326.72778    0.58500594    0.0
2006-02-21 10:00:00  0.020709392    -0.019104097    -263.96976    0.553526    0.0
2006-02-21 11:00:00  0.019037109    -0.0123053435    -247.09569    0.5052469    35.332302
2006-02-21 12:00:00  0.008987195    0.0044098054    -55.28754    0.40574637    210.58003
2006-02-21 13:00:00  -0.004979441    0.017179668    111.81254    0.4585385    397.17664
2006-02-21 14:00:00  -0.006538867    0.025798235    239.59828    0.5200462    546.6476
2006-02-21 15:00:00  -0.008272896    0.041494727    308.7433    0.5978644    642.83746
2006-02-21 16:00:00  -0.008393478    0.058054373    320.54333    0.66905993    678.23047
2006-02-21 17:00:00  0.015836596    0.08009532    235.96306    0.7289084    600.75494
2006-02-21 18:00:00  0.033092804    0.10809982    164.7879    0.7754959    552.5396
2006-02-21 19:00:00  0.0661215    0.14155173    -12.559014    0.8463836    392.6625
2006-02-21 20:00:00  0.084151186    0.16672686    -308.841    0.88017786    55.201862
2006-02-21 21:00:00  0.07567218    0.183191    -345.48636    0.8619733    3.9551716
2006-02-21 22:00:00  0.10503335    0.24907625    -363.26447    0.9163058    9.2e-11
2006-02-21 23:00:00  0.10243416    0.30985236    -384.79715    0.98145497    0.0
2006-02-22 00:00:00  0.13051331    0.36190015    -369.37668    0.98678577    0.0
2006-02-22 01:00:00  0.17342515    0.4211886    -371.83014    0.9973377    0.0
2006-02-22 02:00:00  0.20230168    0.46041888    -387.22272    0.98092467    0.0
2006-02-22 03:00:00  0.25358117    0.5061238    -354.64578    0.93609536    0.0
2006-02-22 04:00:00  0.25546274    0.5564454    -346.6201    0.9056234    0.0
2006-02-22 05:00:00  0.2852246    0.5635992    -320.71725    0.36750844    0.0
2006-02-22 06:00:00  0.2616027    0.57143825    -299.41577    -2.8037558    0.0
2006-02-22 07:00:00  0.28009346    0.60975635    -273.2327    -11.861758    0.0
2006-02-22 08:00:00  0.37125927    0.4037165    -219.41881    -21.06776    0.0
2006-02-22 09:00:00  0.2059749    0.0009408243    -167.52641    -0.22283085    0.0
2006-02-22 10:00:00  0.11867927    -0.014949647    -159.42107    0.119144596    0.0
2006-02-22 11:00:00  0.072519585    -0.0060950024    -135.60242    0.20113736    4.047704
2006-02-22 12:00:00  0.056041297    -0.010392345    -72.92313    0.0006028391    61.407207
2006-02-22 13:00:00  0.04450252    0.00058238336    27.584682    0.23543221    144.96156
2006-02-22 14:00:00  0.046773    0.009600919    149.33531    0.17540954    277.39447
2006-02-22 15:00:00  0.07363567    0.028181665    253.8446    0.12514101    411.15433
2006-02-22 16:00:00  0.08676593    0.055579968    455.41486    0.38984698    653.90015
2006-02-22 17:00:00  0.13947599    0.09682323    394.2261    -1.241998    613.5099
2006-02-22 18:00:00  0.20053366    0.123723805    313.95203    0.20843886    556.0268
2006-02-22 19:00:00  0.29319042    0.11811214    12.898124    -0.30265877    213.45796
2006-02-22 20:00:00  0.40406686    0.04512279    -59.592422    0.22795124    196.52959
2006-02-22 21:00:00  0.40213633    -0.038908176    -256.91345    0.6433369    45.66945
2006-02-22 22:00:00  0.36834294    -0.07029258    -357.6812    0.80057347    9.2e-11
2006-02-22 23:00:00  0.41569167    -0.13970721    -407.14096    0.8812917    0.0
2006-02-23 00:00:00  0.35499653    -0.21729556    -433.18164    0.9474598    0.0
2006-02-23 01:00:00  0.3472628    -0.20257354    -494.01062    1.1242944    0.0
2006-02-23 02:00:00  0.36166918    -0.2144967    -559.058    1.280879    0.0
2006-02-23 03:00:00  0.28455675    -0.16554931    -541.2617    1.223883    0.0
2006-02-23 04:00:00  0.2756279    -0.12687016    -455.104    1.0908656    0.0
2006-02-23 05:00:00  0.27075857    -0.118807405    -467.52225    1.0406381    0.0
2006-02-23 06:00:00  0.27117455    -0.10534576    -469.99884    0.7745194    0.0
2006-02-23 07:00:00  0.33014983    -0.12581691    -474.316    0.7856142    0.0
2006-02-23 08:00:00  0.36012706    -0.15456039    -524.4646    1.2618654    0.0
2006-02-23 09:00:00  0.351292    -0.16173622    -527.89246    1.302178    0.0
2006-02-23 10:00:00  0.30474824    -0.16256075    -506.58267    1.2750891    0.0
2006-02-23 11:00:00  0.22845048    -0.13532242    -458.16226    1.1562073    23.823511
2006-02-23 12:00:00  0.17648277    -0.10279872    -298.53842    0.9981719    132.60037
2006-02-23 13:00:00  0.1504144    -0.09003773    -256.84137    0.3411014    116.95808
2006-02-23 14:00:00  0.1257863    -0.080968425    -55.532795    0.05499169    304.75406
2006-02-23 15:00:00  0.08667329    -0.08520641    -11.641779    0.61869645    345.49182
2006-02-23 16:00:00  0.063055046    -0.0664014    59.604076    0.73801565    398.86896
2006-02-23 17:00:00  0.04350987    -0.055046022    73.05949    0.64093494    374.5558
2006-02-23 18:00:00  0.026450312    -0.02498785    126.1412    0.5260694    397.8306
2006-02-23 19:00:00  0.019461917    -0.014656038    113.74885    0.46756485    386.13138
2006-02-23 20:00:00  0.013264267    -0.0070777764    -35.159794    0.38972163    205.00072
2006-02-23 21:00:00  0.008922549    0.0022622305    -162.86288    0.33662125    35.940228
2006-02-23 22:00:00  0.001603514    0.014162121    -191.88295    0.374514    9.2e-11
2006-02-23 23:00:00  -0.0049346583    0.024656072    -215.75    0.4573736    0.0
2006-02-24 00:00:00  -0.009431569    0.044388227    -225.01173    0.50274616    0.0
2006-02-24 01:00:00  -0.019743461    0.09979522    -275.70035    -1.311176    0.0
2006-02-24 02:00:00  -0.005520923    0.10332076    -272.22684    0.11606938    0.0
2006-02-24 03:00:00  -0.025807492    0.16855618    -280.966    0.61247146    0.0
2006-02-24 04:00:00  -0.040919803    0.32152045    -324.4307    -0.8450455    0.0
2006-02-24 05:00:00  0.01581202    0.54351693    -366.95868    -0.46858564    0.0
2006-02-24 06:00:00  0.06804459    0.7947601    -335.222    -2.5073812    0.0
2006-02-24 07:00:00  0.24551266    0.9877039    -302.46796    -9.388977    0.0
2006-02-24 08:00:00  0.533811    1.0828147    -248.621    -12.5860615    0.0
2006-02-24 09:00:00  0.68169266    0.9895531    -187.48102    -5.4905934    0.0
2006-02-24 10:00:00  0.6956763    0.7612661    -149.77856    -4.4790177    0.0
2006-02-24 11:00:00  0.6597209    0.67669946    -136.66885    -1.1244761    0.0051606554
2006-02-24 12:00:00  0.65249586    0.61755013    -128.4396    -4.388522    1.7409976
2006-02-24 13:00:00  0.6852701    0.52019536    -75.99551    -2.515628    52.5848
2006-02-24 14:00:00  0.69173765    0.4074728    94.60199    -1.1922166    240.58604
2006-02-24 15:00:00  0.6248534    0.2723037    292.35233    -0.37338766    451.99213
2006-02-24 16:00:00  0.56876445    0.23096783    294.03528    -0.34206718    485.94476
2006-02-24 17:00:00  0.55219257    0.24475774    362.5061    0.60338527    605.43085
2006-02-24 18:00:00  0.6398393    0.23562971    253.01341    0.29972616    552.4457
2006-02-24 19:00:00  0.65728104    0.15419728    65.81179    -0.014329043    406.19415
2006-02-24 20:00:00  0.59638035    0.15433134    -133.4355    0.37802753    222.57745
2006-02-24 21:00:00  0.7046006    0.19534908    -382.0493    0.35284147    4.6553087
2006-02-24 22:00:00  0.7665415    0.18105538    -456.80444    0.7758268    9.2e-11
2006-02-24 23:00:00  0.85285914    0.15714039    -504.1131    0.7840604    0.0
2006-02-25 00:00:00  0.8367075    0.11011958    -539.9961    1.3186916    0.0
2006-02-25 01:00:00  0.915591    0.16074134    -598.3549    1.5150614    0.0
2006-02-25 02:00:00  1.0490406    0.11536927    -651.5508    1.5773711    0.0
2006-02-25 03:00:00  0.9703821    -0.005108773    -673.9739    1.6452062    0.0
2006-02-25 04:00:00  0.80039114    -0.042057347    -653.94354    1.5032673    0.0
2006-02-25 05:00:00  0.62350607    -0.02963905    -596.057    1.4094609    0.0
2006-02-25 06:00:00  0.5341068    -0.011540806    -540.37445    0.6631786    0.0
2006-02-25 07:00:00  0.547723    0.01590412    -582.75507    1.0439327    0.0
2006-02-25 08:00:00  0.45726645    0.083254024    -580.72156    1.3421097    0.0
2006-02-25 09:00:00  0.3848196    0.16218558    -558.47986    1.309397    0.0
2006-02-25 10:00:00  0.46376646    0.30979487    -558.20795    1.4280882    0.0
2006-02-25 11:00:00  0.66482127    0.44645828    -547.56586    -1.0676676    2.8878784
2006-02-25 12:00:00  0.80986786    0.38649195    -521.2827    -1.4682573    47.580673
2006-02-25 13:00:00  0.8744785    0.25791833    -326.86676    0.10435231    315.75143
2006-02-25 14:00:00  0.85417175    0.13729338    -173.44942    -0.13988507    517.4526
2006-02-25 15:00:00  0.8953787    0.07212961    -401.31918    0.50078994    323.55026
2006-02-25 16:00:00  0.92070985    0.073204875    -435.83664    0.9093343    339.60007
2006-02-25 17:00:00  0.90426743    0.061875768    -510.48273    0.920277    300.28903
2006-02-25 18:00:00  0.83744466    0.036539454    -477.22552    1.4776294    300.3678
2006-02-25 19:00:00  1.0202127    0.16501698    -616.74554    1.8206571    272.62994
2006-02-25 20:00:00  1.006933    0.23040795    -791.9597    1.3197821    72.610016
2006-02-25 21:00:00  1.0365825    0.14908543    -830.16925    1.5755657    15.99079
2006-02-25 22:00:00  0.48270297    -0.885082    -810.3796    1.467425    9.2e-11
2006-02-25 23:00:00  0.2265153    -0.9798924    -850.3335    1.1722784    0.0
2006-02-26 00:00:00  0.19490503    -0.5305295    -785.55566    1.7437296    0.0
2006-02-26 01:00:00  0.20319617    -0.42738044    -716.54626    1.6849418    0.0
2006-02-26 02:00:00  0.1625233    -0.30430764    -695.9962    1.5372853    0.0
2006-02-26 03:00:00  0.1743421    -0.19767046    -631.35406    1.3579108    0.0
2006-02-26 04:00:00  0.16689119    -0.11938599    -583.8077    1.228148    0.0
2006-02-26 05:00:00  0.1801745    -0.05714591    -561.6879    1.1771882    0.0
2006-02-26 06:00:00  0.24685687    -0.004289668    -593.2812    1.2752528    0.0
2006-02-26 07:00:00  0.34075183    0.0062907673    -599.4519    1.3868505    0.0
2006-02-26 08:00:00  0.39074233    0.03403487    -575.2905    1.3904873    0.0
2006-02-26 09:00:00  0.51670134    0.104175165    -604.01807    1.4007492    0.0
2006-02-26 10:00:00  0.6226975    0.0231808    -644.4492    0.56751496    0.0
2006-02-26 11:00:00  0.43645674    -0.06052975    -548.5798    1.0901263    46.856865
2006-02-26 12:00:00  0.29156098    -0.061422706    -391.23587    1.0637728    63.99383
2006-02-26 13:00:00  0.18234679    -0.03369806    -119.31907    0.9026126    293.12766
2006-02-26 14:00:00  0.19754425    0.009768929    76.068756    0.58552057    507.17526
2006-02-26 15:00:00  0.15766436    0.033106975    251.72688    0.82993907    666.15906
2006-02-26 16:00:00  0.14587772    0.05246628    238.4734    0.81340843    628.0298
2006-02-26 17:00:00  0.17760694    0.10308518    245.865    0.90721875    675.007
2006-02-26 18:00:00  0.20137233    0.14869642    142.7842    0.96378654    585.07825
2006-02-26 19:00:00  0.24192518    0.21721105    -80.05783    1.0121627    353.98807
2006-02-26 20:00:00  0.3019648    0.26433933    -301.0653    1.0383253    116.665405
2006-02-26 21:00:00  0.34893382    0.3054729    -435.22424    1.1456189    41.912075
2006-02-26 22:00:00  0.34244755    0.32176363    -425.98148    1.0809458    9.2e-11
2006-02-26 23:00:00  0.36339784    0.3364664    -428.38806    1.11314    0.0
2006-02-27 00:00:00  0.34396225    0.33713633    -414.64343    1.0899631    0.0
2006-02-27 01:00:00  0.3114246    0.3640506    -432.481    1.048761    0.0
2006-02-27 02:00:00  0.2926398    0.39722544    -406.26932    1.042859    0.0
2006-02-27 03:00:00  0.27987906    0.45479184    -384.31686    1.0453371    0.0
2006-02-27 04:00:00  0.26327533    0.51010823    -414.36157    1.0404478    0.0
2006-02-27 05:00:00  0.25092167    0.5959476    -388.00793    0.8859459    0.0
2006-02-27 06:00:00  0.28211153    0.69523615    -403.0646    1.0733194    0.0
2006-02-27 07:00:00  0.29683343    0.8195175    -388.4214    1.0033962    0.0
2006-02-27 08:00:00  0.32048407    0.93814194    -373.91174    0.85831964    0.0
2006-02-27 09:00:00  0.35512677    1.1134263    -420.11942    1.1046652    0.0
2006-02-27 10:00:00  0.36238736    1.1642532    -363.83163    0.9339045    0.0
2006-02-27 11:00:00  0.42630854    1.2000754    -339.20328    0.9671077    11.175895
2006-02-27 12:00:00  0.42806208    1.1284449    -215.73605    0.7501149    76.128975
2006-02-27 13:00:00  0.45437974    1.1473897    -37.28883    0.8019029    260.32477
2006-02-27 14:00:00  0.3774277    1.0032461    -91.265686    0.5539201    125.5546
2006-02-27 15:00:00  0.35670483    1.0279374    -30.164974    0.6230258    170.62285
2006-02-27 16:00:00  0.3513896    0.95729214    -16.318775    0.10862743    160.749
2006-02-27 17:00:00  0.30922112    0.90289176    -62.821354    -1.5854675    102.08466
2006-02-27 18:00:00  0.37346196    0.6520622    -88.73375    -21.153603    40.36392
2006-02-27 19:00:00  0.31877238    0.1313944    -128.99196    -0.4538713    37.87617
2006-02-27 20:00:00  0.27234864    0.13003162    -159.18031    -1.0712807    11.689722
2006-02-27 21:00:00  0.22880349    0.06953813    -184.66615    -2.2800024    0.043976605
2006-02-27 22:00:00  0.18674675    0.034302626    -218.03352    0.56052315    1.84e-10
2006-02-27 23:00:00  0.19866136    0.05738455    -250.9918    -0.09978407    0.0
2006-02-28 00:00:00  0.21276405    0.09271178    -301.41257    0.16487671    0.0
2006-02-28 01:00:00  0.19436198    0.076613605    -314.41006    0.43360555    0.0
2006-02-28 02:00:00  0.1703546    0.07321991    -283.98077    0.56040347    0.0
2006-02-28 03:00:00  0.27868885    0.12639742    -340.5876    -0.5746985    0.0
2006-02-28 04:00:00  0.30435222    0.1304994    -388.66724    0.6552276    0.0
2006-02-28 05:00:00  0.4846024    0.22114919    -475.61157    0.686771    0.0
2006-02-28 06:00:00  0.5914833    0.2510459    -529.52954    1.1557751    0.0
2006-02-28 07:00:00  0.8060524    0.24237922    -612.989    0.6915669    0.0
2006-02-28 08:00:00  0.74128133    0.18625648    -610.3044    1.4575152    0.0
2006-02-28 09:00:00  0.7590507    0.20996377    -632.26135    1.5510503    0.0
2006-02-28 10:00:00  0.8072431    0.2222852    -665.18475    1.6520168    9.2e-11
2006-02-28 11:00:00  0.78265417    0.1718216    -628.21423    1.5452693    55.051605
2006-02-28 12:00:00  0.62699354    0.0933258    -411.7482    0.93123233    241.90019
2006-02-28 13:00:00  0.42641163    -0.05501018    -221.47266    0.13819136    351.77316
2006-02-28 14:00:00  0.3458225    -0.011881847    13.31855    0.5805148    574.3175
2006-02-28 15:00:00  0.4035812    -0.006871594    75.38538    1.2085457    678.3862
2006-02-28 16:00:00  0.40054092    -0.06907493    107.89593    1.3127126    713.0288
2006-02-28 17:00:00  0.35203505    -0.086312816    86.1305    1.1832452    685.45575
2006-02-28 18:00:00  0.30951238    -0.09393969    2.5785356    0.9983338    589.84717
2006-02-28 19:00:00  0.25323552    -0.059529528    -109.97495    1.1732533    453.86978
2006-02-28 20:00:00  0.24372089    -0.066530794    -331.127    1.0589991    185.7642
2006-02-28 21:00:00  0.16648702    -0.028842304    -418.25897    0.98716044    73.38152
2006-02-28 22:00:00  0.12141313    -0.0034835965    -447.2228    0.8915432    0.016683962
2006-02-28 23:00:00  0.08567576    -0.0011677889    -405.85782    0.80210364    0.0
